32.595, -12.19, 31.877
32.679, -12.244, 31.476
32.763, -12.299, 31.07
32.847, -12.353, 30.658
32.93, -12.408, 30.241
33.014, -12.462, 29.818
33.098, -12.517, 29.389
33.182, -12.571, 28.954
33.266, -12.626, 28.512
33.35, -12.68, 28.063
33.434, -12.735, 27.607
33.518, -12.789, 27.143
33.601, -12.844, 26.671
33.685, -12.898, 26.19
33.769, -12.953, 25.701
33.853, -13.007, 25.202
33.937, -13.061, 24.693
34.021, -13.116, 24.173
34.105, -13.17, 23.642
34.188, -13.225, 23.098
34.272, -13.279, 22.542
34.356, -13.334, 21.971
34.44, -13.388, 21.385
34.524, -13.443, 20.783
34.608, -13.497, 20.163
34.692, -13.552, 19.523
34.775, -13.606, 18.861
34.859, -13.661, 18.175
34.943, -13.715, 17.462
35.027, -13.77, 16.719
35.111, -13.824, 15.941
35.195, -13.879, 15.124
35.279, -13.933, 14.259
35.363, -13.987, 13.339
35.446, -14.042, 12.35
35.53, -14.096, 11.275
35.614, -14.151, 10.086
35.698, -14.205, 8.737
35.782, -14.26, 7.136
35.866, -14.314, 5.053
35.95, -14.369, 0
35.95, -14.369, 0
52.723, -25.263, 0
endData
127
63
200
32.595, -12.19, 34.273, -13.279, 34.273, -13.279, 35.95, -14.369
#PATH.JERRYIO-DATA {"appVersion":"0.8.3","format":"LemLib v0.5","gc":{"robotWidth":13,"robotHeight":23.14,"robotIsHolonomic":false,"showRobot":true,"uol":2.54,"pointDensity":0.1,"controlMagnetDistance":1.968503937007874,"fieldImage":{"displayName":"IME 100","signature":"27ac2e42416e4bb399bc48095cc11af14ec6cf0937eac5a89a72920df7932c17","origin":{"heightInMM":2362.2,"__type":"local"}},"coordinateSystem":"Cartesian Plane"},"paths":[{"segments":[{"controls":[{"uid":"BF0urTcuiO","x":32.595,"y":-12.19,"lock":false,"visible":true,"heading":123,"__type":"end-point"},{"uid":"ciSRKA3RTy","x":35.95,"y":-14.368999999999998,"lock":false,"visible":true,"heading":123,"__type":"end-point"}],"speedProfiles":[],"lookaheadKeyframes":[],"uid":"42uVq42L20"}],"pc":{"speedLimit":{"minLimit":{"value":0,"label":"0"},"maxLimit":{"value":127,"label":"127"},"step":1,"from":0,"to":63},"bentRateApplicableRange":{"minLimit":{"value":0,"label":"0"},"maxLimit":{"value":1,"label":"1"},"step":0.001,"from":0,"to":0.265},"maxDecelerationRate":127},"name":"Path","uid":"w1SXyTtgwO","lock":false,"visible":true}]}