34.42, -13.457, 31.876
34.49, -13.528, 31.475
34.56, -13.6, 31.069
34.63, -13.671, 30.657
34.7, -13.742, 30.24
34.771, -13.814, 29.817
34.841, -13.885, 29.388
34.911, -13.956, 28.953
34.981, -14.028, 28.511
35.051, -14.099, 28.062
35.121, -14.17, 27.606
35.191, -14.241, 27.142
35.261, -14.313, 26.67
35.331, -14.384, 26.189
35.401, -14.455, 25.7
35.472, -14.527, 25.201
35.542, -14.598, 24.692
35.612, -14.669, 24.172
35.682, -14.741, 23.641
35.752, -14.812, 23.097
35.822, -14.883, 22.541
35.892, -14.955, 21.97
35.962, -15.026, 21.384
36.032, -15.097, 20.782
36.102, -15.169, 20.161
36.173, -15.24, 19.521
36.243, -15.311, 18.859
36.313, -15.383, 18.174
36.383, -15.454, 17.461
36.453, -15.525, 16.718
36.523, -15.596, 15.94
36.593, -15.668, 15.122
36.663, -15.739, 14.258
36.733, -15.81, 13.337
36.803, -15.882, 12.348
36.874, -15.953, 11.273
36.944, -16.024, 10.084
37.014, -16.096, 8.734
37.084, -16.167, 7.133
37.154, -16.238, 5.048
37.224, -16.31, 0
37.224, -16.31, 0
51.244, -30.573, 0
endData
127
63
200
34.42, -13.457, 35.822, -14.883, 35.822, -14.883, 37.224, -16.31
#PATH.JERRYIO-DATA {"appVersion":"0.8.3","format":"LemLib v0.5","gc":{"robotWidth":13,"robotHeight":23.14,"robotIsHolonomic":false,"showRobot":true,"uol":2.54,"pointDensity":0.1,"controlMagnetDistance":1.968503937007874,"fieldImage":{"displayName":"IME 100","signature":"27ac2e42416e4bb399bc48095cc11af14ec6cf0937eac5a89a72920df7932c17","origin":{"heightInMM":2362.2,"__type":"local"}},"coordinateSystem":"Cartesian Plane"},"paths":[{"segments":[{"controls":[{"uid":"aLyFWb2Df8","x":34.42,"y":-13.457,"lock":false,"visible":true,"heading":135.5,"__type":"end-point"},{"uid":"WwbTMLsYOw","x":37.22423069855228,"y":-16.3098576187158,"lock":false,"visible":true,"heading":135.5,"__type":"end-point"}],"speedProfiles":[],"lookaheadKeyframes":[],"uid":"8YnrFcUUSY"}],"pc":{"speedLimit":{"minLimit":{"value":0,"label":"0"},"maxLimit":{"value":127,"label":"127"},"step":1,"from":0,"to":63},"bentRateApplicableRange":{"minLimit":{"value":0,"label":"0"},"maxLimit":{"value":1,"label":"1"},"step":0.001,"from":0,"to":0.265},"maxDecelerationRate":127},"name":"Path","uid":"w1SXyTtgwO","lock":false,"visible":true}]}