29.627, -12.159, 57.437
29.531, -12.189, 57.813
29.436, -12.22, 58.27
29.341, -12.251, 58.681
29.246, -12.282, 58.964
29.151, -12.314, 59.308
29.057, -12.346, 59.545
28.962, -12.378, 59.766
28.868, -12.411, 60.038
28.773, -12.444, 60.225
28.679, -12.477, 60.401
28.585, -12.511, 60.565
28.491, -12.545, 60.769
28.397, -12.579, 60.91
28.303, -12.613, 61.043
28.209, -12.648, 61.168
28.115, -12.682, 61.286
28.021, -12.717, 61.398
27.928, -12.752, 61.503
27.834, -12.788, 61.602
27.741, -12.823, 61.665
27.647, -12.858, 61.756
27.554, -12.894, 61.842
27.46, -12.93, 61.924
27.367, -12.966, 62.001
27.273, -13.001, 62.051
27.18, -13.037, 62.122
27.087, -13.074, 62.19
26.994, -13.11, 62.234
26.901, -13.146, 62.297
26.807, -13.182, 62.357
26.714, -13.219, 62.396
26.621, -13.255, 62.452
26.528, -13.292, 62.488
26.435, -13.328, 62.54
26.342, -13.365, 62.59
26.249, -13.402, 62.622
26.156, -13.438, 62.669
26.063, -13.475, 62.699
25.97, -13.512, 62.743
25.877, -13.549, 62.772
25.784, -13.585, 62.813
25.691, -13.622, 62.84
25.598, -13.659, 62.866
25.505, -13.696, 62.905
25.412, -13.733, 62.93
25.319, -13.77, 62.966
25.226, -13.807, 62.99
25.133, -13.843, 62.987
25.04, -13.88, 62.953
24.947, -13.917, 62.931
24.854, -13.954, 62.909
24.761, -13.991, 62.878
24.668, -14.028, 62.857
24.575, -14.065, 62.836
24.482, -14.101, 62.806
24.389, -14.138, 62.786
24.296, -14.175, 62.767
24.203, -14.212, 62.738
24.11, -14.249, 62.719
24.017, -14.285, 62.701
23.924, -14.322, 62.682
23.831, -14.359, 62.655
23.738, -14.395, 62.637
23.645, -14.432, 62.62
23.552, -14.468, 62.602
23.459, -14.505, 62.585
23.366, -14.541, 62.559
23.273, -14.578, 62.542
23.18, -14.614, 62.526
23.087, -14.65, 62.509
22.993, -14.687, 62.492
22.9, -14.723, 62.468
22.807, -14.759, 62.451
22.714, -14.795, 62.435
22.62, -14.831, 62.419
22.527, -14.867, 62.403
22.434, -14.903, 62.387
22.34, -14.939, 62.363
22.247, -14.975, 62.347
22.154, -15.011, 62.331
22.06, -15.046, 62.315
21.967, -15.082, 62.299
21.873, -15.118, 62.284
21.78, -15.153, 62.268
21.686, -15.189, 62.244
21.593, -15.224, 62.228
21.499, -15.259, 62.213
21.406, -15.294, 62.197
21.312, -15.329, 62.181
21.218, -15.364, 62.165
21.125, -15.399, 62.149
21.031, -15.434, 62.133
20.937, -15.469, 62.117
20.843, -15.504, 62.093
20.749, -15.538, 62.077
20.656, -15.573, 62.061
20.562, -15.607, 62.044
20.468, -15.641, 62.028
20.374, -15.676, 62.011
20.28, -15.71, 61.995
20.186, -15.744, 61.978
20.092, -15.778, 61.961
19.998, -15.811, 61.944
19.903, -15.845, 61.927
19.809, -15.879, 61.91
19.715, -15.912, 61.884
19.621, -15.946, 61.867
19.526, -15.979, 61.849
19.432, -16.012, 61.831
19.338, -16.045, 61.813
19.243, -16.078, 61.795
19.149, -16.111, 61.777
19.054, -16.143, 61.758
18.96, -16.176, 61.74
18.865, -16.208, 61.721
18.77, -16.241, 61.702
18.676, -16.273, 61.683
18.581, -16.305, 61.663
18.486, -16.337, 61.644
18.391, -16.368, 61.624
18.297, -16.4, 61.593
18.202, -16.431, 61.573
18.107, -16.463, 61.552
18.012, -16.494, 61.531
17.917, -16.525, 61.51
17.821, -16.556, 61.488
17.726, -16.587, 61.467
17.631, -16.617, 61.445
17.536, -16.648, 61.422
17.441, -16.678, 61.399
17.345, -16.708, 61.376
17.25, -16.738, 61.353
17.154, -16.768, 61.329
17.059, -16.797, 61.306
16.963, -16.827, 61.281
16.868, -16.856, 61.244
16.772, -16.885, 61.219
16.676, -16.914, 61.193
16.58, -16.942, 61.167
16.484, -16.971, 61.141
16.389, -16.999, 61.114
16.293, -17.027, 61.087
16.197, -17.055, 61.059
16.1, -17.083, 61.031
16.004, -17.11, 61.002
15.908, -17.138, 60.973
15.812, -17.165, 60.944
15.716, -17.192, 60.899
15.619, -17.219, 60.868
15.523, -17.245, 60.837
15.426, -17.271, 60.805
15.33, -17.297, 60.773
15.233, -17.323, 60.74
15.136, -17.349, 60.706
15.04, -17.374, 60.672
14.943, -17.399, 60.638
14.846, -17.424, 60.584
14.749, -17.448, 60.548
14.652, -17.473, 60.511
14.555, -17.497, 60.474
14.458, -17.521, 60.436
14.361, -17.544, 60.397
14.263, -17.567, 60.357
14.166, -17.591, 60.296
14.069, -17.613, 60.255
13.971, -17.636, 60.212
13.874, -17.658, 60.169
13.776, -17.68, 60.125
13.679, -17.701, 60.081
13.581, -17.723, 60.012
13.483, -17.743, 59.965
13.385, -17.764, 59.917
13.287, -17.784, 59.868
13.189, -17.804, 59.818
13.091, -17.824, 59.742
12.993, -17.843, 59.69
12.895, -17.862, 59.636
12.797, -17.881, 59.582
12.698, -17.899, 59.526
12.6, -17.917, 59.373
12.502, -17.935, 59.159
12.403, -17.952, 58.944
12.304, -17.969, 58.728
12.206, -17.985, 58.512
12.107, -18.001, 58.294
12.008, -18.016, 58.076
11.909, -18.032, 57.857
11.811, -18.046, 57.637
11.712, -18.06, 57.416
11.613, -18.074, 57.194
11.513, -18.088, 56.972
11.414, -18.101, 56.749
11.315, -18.113, 56.524
11.216, -18.125, 56.299
11.116, -18.137, 56.073
11.017, -18.148, 55.846
10.918, -18.158, 55.618
10.818, -18.168, 55.39
10.719, -18.177, 55.16
10.619, -18.186, 54.929
10.519, -18.194, 54.697
10.42, -18.202, 54.465
10.32, -18.209, 54.231
10.22, -18.216, 53.996
10.12, -18.222, 53.761
10.02, -18.227, 53.524
9.92, -18.232, 53.286
9.821, -18.236, 53.047
9.721, -18.239, 52.807
9.621, -18.242, 52.566
9.521, -18.244, 52.324
9.421, -18.245, 52.081
9.321, -18.246, 51.836
9.221, -18.246, 51.591
9.121, -18.245, 51.344
9.021, -18.243, 51.096
8.921, -18.24, 50.847
8.821, -18.237, 50.596
8.721, -18.233, 50.345
8.621, -18.228, 50.092
8.521, -18.222, 49.838
8.421, -18.215, 49.582
8.322, -18.207, 49.326
8.222, -18.199, 49.067
8.123, -18.189, 48.808
8.023, -18.178, 48.547
7.924, -18.166, 48.285
7.825, -18.154, 48.021
7.726, -18.14, 47.756
7.627, -18.125, 47.489
7.528, -18.109, 47.221
7.43, -18.092, 46.951
7.331, -18.073, 46.68
7.233, -18.054, 46.407
7.135, -18.033, 46.133
7.038, -18.011, 45.856
6.941, -17.987, 45.579
6.844, -17.963, 45.299
6.747, -17.937, 45.018
6.651, -17.909, 44.735
6.555, -17.88, 44.45
6.46, -17.85, 44.163
6.365, -17.818, 43.875
6.271, -17.785, 43.585
6.177, -17.75, 43.292
6.084, -17.714, 42.998
5.991, -17.676, 42.701
5.899, -17.637, 42.403
5.808, -17.596, 42.102
5.718, -17.553, 41.8
5.628, -17.509, 41.495
5.539, -17.463, 41.188
5.451, -17.415, 40.878
5.364, -17.366, 40.566
5.278, -17.315, 40.252
5.194, -17.262, 39.935
5.11, -17.207, 39.616
5.027, -17.151, 39.294
4.945, -17.093, 38.969
4.865, -17.034, 38.642
4.786, -16.972, 38.312
4.708, -16.91, 37.979
4.632, -16.845, 37.643
4.557, -16.779, 37.304
4.484, -16.711, 36.962
4.412, -16.641, 36.617
4.342, -16.57, 36.269
4.273, -16.498, 35.917
4.205, -16.424, 35.562
4.14, -16.348, 35.203
4.076, -16.271, 34.84
4.014, -16.193, 34.474
3.953, -16.114, 34.103
3.894, -16.033, 33.729
3.837, -15.951, 33.35
3.781, -15.867, 32.967
3.728, -15.783, 32.58
3.676, -15.698, 32.187
3.625, -15.611, 31.79
3.577, -15.524, 31.388
3.53, -15.436, 30.981
3.485, -15.346, 30.568
3.441, -15.256, 30.15
3.399, -15.166, 29.726
3.359, -15.074, 29.296
3.32, -14.982, 28.859
3.283, -14.889, 28.415
3.247, -14.796, 27.965
3.213, -14.702, 27.507
3.181, -14.607, 27.041
3.15, -14.512, 26.567
3.12, -14.416, 26.085
3.092, -14.32, 25.594
3.066, -14.224, 25.092
3.04, -14.127, 24.581
3.016, -14.03, 24.059
2.994, -13.933, 23.525
2.972, -13.835, 22.979
2.952, -13.737, 22.419
2.933, -13.639, 21.846
2.916, -13.541, 21.256
2.899, -13.442, 20.65
2.884, -13.343, 20.026
2.87, -13.244, 19.381
2.856, -13.145, 18.715
2.844, -13.046, 18.023
2.833, -12.946, 17.304
2.823, -12.847, 16.554
2.814, -12.747, 15.768
2.806, -12.648, 14.941
2.799, -12.548, 14.065
2.793, -12.448, 13.131
2.788, -12.348, 12.126
2.784, -12.248, 11.029
2.78, -12.148, 9.81
2.778, -12.048, 8.416
2.776, -11.948, 6.741
2.775, -11.848, 4.476
2.774, -11.769, 0
2.774, -11.769, 0
2.71, 8.23, 0
endData
127
63
200
29.627, -12.159, 23.047, -14.195, 2.774, -25, 2.774, -11.769
#PATH.JERRYIO-DATA {"appVersion":"0.8.3","format":"LemLib v0.5","gc":{"robotWidth":13,"robotHeight":23.14,"robotIsHolonomic":false,"showRobot":true,"uol":2.54,"pointDensity":0.1,"controlMagnetDistance":1.968503937007874,"fieldImage":{"displayName":"IME 100","signature":"27ac2e42416e4bb399bc48095cc11af14ec6cf0937eac5a89a72920df7932c17","origin":{"heightInMM":2362.2,"__type":"local"}},"coordinateSystem":"Cartesian Plane"},"paths":[{"segments":[{"controls":[{"uid":"aLyFWb2Df8","x":29.626934290199593,"y":-12.15945279210585,"lock":false,"visible":true,"heading":254,"__type":"end-point"},{"uid":"vVTZRIg7Z0","x":23.046786914733016,"y":-14.195125059642354,"lock":false,"visible":true,"__type":"control"},{"uid":"016seDDP7J","x":2.774,"y":-25,"lock":false,"visible":true,"__type":"control"},{"uid":"eLXdVl9XUP","x":2.774469030065529,"y":-11.769469884440895,"lock":false,"visible":true,"heading":0,"__type":"end-point"}],"speedProfiles":[],"lookaheadKeyframes":[],"uid":"OtuZ8uxMAY"}],"pc":{"speedLimit":{"minLimit":{"value":0,"label":"0"},"maxLimit":{"value":127,"label":"127"},"step":1,"from":0,"to":63},"bentRateApplicableRange":{"minLimit":{"value":0,"label":"0"},"maxLimit":{"value":1,"label":"1"},"step":0.001,"from":0,"to":0.265},"maxDecelerationRate":127},"name":"Path","uid":"w1SXyTtgwO","lock":false,"visible":true}]}